0 FILE X-Wing V7
0 Untitled Model
0 Name:  X-Wing V7
0 Author:  
1 16 -104.193800 16.325600 -28.800200 0.972474 -0.172988 0.156109 0.156105 0.981060 0.114685 -0.172991 -0.087158 0.981060 submodel group 1
0 NOFILE
0 FILE SubModel Group 1
0 SubModel Group 1
0 Name:  SubModel Group 1
0 Author:  
0 NumOfBricks:  1072
1 71 48.172500 -165.764200 207.459900 -0.000008 -1.000000 -0.000789 -0.999946 0.000009 0.010366 -0.010366 0.000789 -0.999946 2540.dat
1 72 40.172200 -165.764200 207.466200 0.000789 -1.000000 -0.000008 -0.010366 0.000009 -0.999946 0.999946 0.000789 -0.010366 93273.dat
1 0 10.119000 -157.559300 139.571400 0.000789 0.000008 -1.000000 -0.010366 0.999946 0.000009 0.999946 0.010366 0.000789 3024.dat
1 0 0.119100 -149.559700 139.662200 -0.000789 0.000008 1.000000 0.010366 0.999946 -0.000009 -0.999946 0.010366 -0.000789 92946.dat
1 71 0.079900 -141.041800 89.747900 -0.000789 0.000008 1.000000 0.010366 0.999946 -0.000009 -0.999946 0.010366 -0.000789 32001.dat
1 71 0.080000 -132.542300 89.835900 -0.000789 0.000008 1.000000 0.010366 0.999946 -0.000009 -0.999946 0.010366 -0.000789 3832.dat
1 71 0.142900 -141.371100 169.748600 1.000000 0.000008 0.000789 -0.000009 0.999946 -0.010366 -0.000789 0.010366 0.999946 3022.dat
1 71 0.150600 -165.473500 179.499400 -1.000000 0.000008 -0.000789 0.000009 0.999946 0.010366 0.000789 0.010366 -0.999946 11211.dat
1 71 0.164400 -165.660100 197.498400 1.000000 -0.000789 0.000008 -0.000009 0.010366 0.999946 -0.000789 -0.999946 0.010366 3020.dat
1 71 30.176900 -185.825200 213.266500 0.000008 -0.000789 -1.000000 0.999946 0.010366 0.000009 0.010366 -0.999946 0.000789 99206.dat
1 71 0.177500 -165.825900 213.497500 -0.000008 -0.000789 1.000000 -0.999946 0.010366 -0.000009 -0.010366 -0.999946 -0.000789 3020.dat
1 72 0.183100 -195.907300 221.186000 -1.000000 -0.000789 -0.000008 0.000009 0.010366 -0.999946 0.000789 -0.999946 -0.010366 2412b.dat
1 71 -9.822300 -135.827400 213.816300 -0.000008 -0.000789 1.000000 -0.999946 0.010366 -0.000009 -0.010366 -0.999946 -0.000789 99563.dat
1 72 0.183400 -175.908300 221.393400 -1.000000 -0.000789 -0.000008 0.000009 0.010366 -0.999946 0.000789 -0.999946 -0.010366 3794a.dat
1 71 10.177800 -135.827600 213.800600 -0.000008 -0.000789 1.000000 -0.999946 0.010366 -0.000009 -0.010366 -0.999946 -0.000789 99563.dat
1 71 30.177600 -145.827300 213.681200 0.000008 -0.000789 -1.000000 0.999946 0.010366 0.000009 0.010366 -0.999946 0.000789 99206.dat
1 71 20.165200 -135.661900 197.793600 -1.000000 -0.000789 -0.000008 0.000009 0.010366 -0.999946 0.000789 -0.999946 -0.010366 99207.dat
1 71 0.175000 -113.787300 210.036800 0.000789 -0.000008 1.000000 -0.010366 -0.999946 -0.000009 0.999946 -0.010366 -0.000789 3022.dat
1 15 0.175000 -105.787700 210.119600 1.000000 -0.000008 -0.000788 -0.000009 -0.999946 0.010366 -0.000788 -0.010366 -0.999946 87079.dat
1 15 -29.825000 -113.787000 210.060400 0.000789 -0.000008 1.000000 -0.010366 -0.999946 -0.000009 0.999946 -0.010366 -0.000789 2540.dat
1 71 -19.834900 -135.661500 197.825200 -1.000000 -0.000789 -0.000008 0.000009 0.010366 -0.999946 0.000789 -0.999946 -0.010366 99207.dat
1 71 -29.822600 -145.826800 213.728500 -0.000008 -0.000789 1.000000 -0.999946 0.010366 -0.000009 -0.010366 -0.999946 -0.000789 99206.dat
1 71 -29.958900 -136.014200 221.830800 -0.987760 -0.000789 -0.155980 0.155963 0.010366 -0.987709 0.002396 -0.999946 -0.010116 4592.dat
1 71 -29.658100 -134.948500 224.314600 -0.987760 0.155902 -0.005002 0.155963 0.987628 -0.016321 0.002396 -0.016901 -0.999854 4593.dat
1 15 30.174900 -113.787600 210.013100 -0.000789 -0.000008 -1.000000 0.010366 -0.999946 0.000009 -0.999946 -0.010366 0.000789 2540.dat
1 71 30.086000 -136.057800 221.782900 -0.980584 -0.000789 0.196099 -0.196096 0.010366 -0.980530 -0.001260 -0.999946 -0.010320 4592.dat
1 71 29.990000 -134.956200 224.267500 -0.980584 -0.196049 0.004510 -0.196097 0.980452 -0.016127 -0.001260 -0.016698 -0.999860 4593.dat
1 71 -29.823400 -185.824600 213.314000 -0.000008 -0.000789 1.000000 -0.999946 0.010366 -0.000009 -0.010366 -0.999946 -0.000789 99206.dat
1 71 0.163900 -195.658500 197.187400 1.000000 -0.000789 0.000008 -0.000009 0.010366 0.999946 -0.000789 -0.999946 0.010366 3710.dat
1 72 -29.817000 -195.907000 221.209700 1.000000 -0.000789 0.000008 -0.000009 0.010366 0.999946 -0.000789 -0.999946 0.010366 4073.dat
1 72 30.183000 -195.907600 221.162500 1.000000 -0.000789 0.000008 -0.000009 0.010366 0.999946 -0.000789 -0.999946 0.010366 4073.dat
1 71 0.142500 -173.369400 169.416900 1.000000 0.000008 0.000789 -0.000009 0.999946 -0.010366 -0.000789 0.010366 0.999946 3022.dat
1 0 0.134300 -197.264500 159.168700 1.000000 0.000008 0.000789 -0.000009 0.999946 -0.010366 -0.000789 0.010366 0.999946 3700.dat
1 71 0.141900 -205.367700 169.085200 1.000000 0.000008 0.000789 -0.000009 0.999946 -0.010366 -0.000789 0.010366 0.999946 3022.dat
1 71 0.157400 -213.574700 189.001200 -0.000789 0.000008 1.000000 0.010366 0.999946 -0.000009 -0.999946 0.010366 -0.000789 3020.dat
1 15 0.141700 -221.366900 168.919400 1.000000 0.000008 0.000789 -0.000009 0.999946 -0.010366 -0.000789 0.010366 0.999946 3022.dat
1 15 0.133600 -229.262800 158.836900 1.000000 0.000008 0.000789 -0.000009 0.999946 -0.010366 -0.000789 0.010366 0.999946 3023.dat
1 71 0.078300 -236.536700 88.757800 -0.000789 0.000008 1.000000 0.010366 0.999946 -0.000009 -0.999946 0.010366 -0.000789 3738.dat
1 72 0.054600 -244.225300 58.676500 1.000000 0.000008 0.000789 -0.000009 0.999946 -0.010366 -0.000789 0.010366 0.999946 2412b.dat
1 72 -9.874500 -245.158200 148.679400 -0.000789 0.000008 1.000000 0.010366 0.999946 -0.000009 -0.999946 0.010366 -0.000789 2412b.dat
1 72 0.078100 -244.536300 88.674800 -1.000000 0.000008 -0.000789 0.000009 0.999946 0.010366 0.000789 0.010366 -0.999946 15535.dat
1 72 0.030800 -243.914400 28.678100 1.000000 0.000008 0.000789 -0.000009 0.999946 -0.010366 -0.000789 0.010366 0.999946 4032a.dat
1 71 0.022900 -251.810300 18.595800 1.000000 0.000008 0.000789 -0.000009 0.999946 -0.010366 -0.000789 0.010366 0.999946 2412b.dat
1 15 0.023100 -227.811500 18.844600 1.000000 0.000008 0.000789 -0.000009 0.999946 -0.010366 -0.000789 0.010366 0.999946 3023.dat
1 15 0.015400 -219.708300 8.928100 1.000000 0.000008 0.000789 -0.000009 0.999946 -0.010366 -0.000789 0.010366 0.999946 3022.dat
1 15 0.015500 -211.708700 9.011000 1.000000 0.000008 0.000789 -0.000009 0.999946 -0.010366 -0.000789 0.010366 0.999946 3022.dat
1 15 0.023600 -203.812800 19.093500 1.000000 0.000008 0.000789 -0.000009 0.999946 -0.010366 -0.000789 0.010366 0.999946 3023.dat
1 0 0.023900 -195.813200 19.176300 1.000000 0.000008 0.000789 -0.000009 0.999946 -0.010366 -0.000789 0.010366 0.999946 3700.dat
1 0 0.024300 -171.814500 19.425100 1.000000 0.000008 0.000789 -0.000009 0.999946 -0.010366 -0.000789 0.010366 0.999946 3004.dat
1 15 0.024500 -147.815800 19.673900 1.000000 0.000008 0.000789 -0.000009 0.999946 -0.010366 -0.000789 0.010366 0.999946 3023.dat
1 71 0.016800 -139.712500 9.757400 1.000000 0.000008 0.000789 -0.000009 0.999946 -0.010366 -0.000789 0.010366 0.999946 3022.dat
1 71 0.008600 -163.607600 -0.490900 1.000000 0.000008 0.000789 -0.000009 0.999946 -0.010366 -0.000789 0.010366 0.999946 11211.dat
1 0 -0.109800 -170.052200 -150.565800 -0.000789 0.000008 1.000000 0.010366 0.999946 -0.000009 -0.999946 0.010366 -0.000789 4282.dat
1 71 -0.093800 -152.260500 -130.380300 -1.000000 0.000789 0.000008 0.000009 -0.010366 0.999946 0.000789 0.999946 0.010366 11211.dat
1 15 -0.100100 -152.177500 -138.379900 -1.000000 0.000789 0.000008 0.000009 -0.010366 0.999946 0.000789 0.999946 0.010366 3023.dat
1 15 -0.106500 -152.094600 -146.379400 -1.000000 0.000789 0.000008 0.000009 -0.010366 0.999946 0.000789 0.999946 0.010366 3023.dat
1 15 -0.074900 -152.509300 -106.381600 -1.000000 0.000789 0.000008 0.000009 -0.010366 0.999946 0.000789 0.999946 0.010366 3023.dat
1 15 -0.068500 -152.592200 -98.382100 -1.000000 0.000789 0.000008 0.000009 -0.010366 0.999946 0.000789 0.999946 0.010366 3023.dat
1 0 -10.007400 -179.399300 -20.647900 0.000789 0.000008 -1.000000 -0.010366 0.999946 0.000009 0.999946 0.010366 0.000789 2420.dat
1 4 -0.015500 -187.295300 -30.738100 1.000000 0.000008 0.000789 -0.000009 0.999946 -0.010366 -0.000789 0.010366 0.999946 3795.dat
1 0 9.992500 -179.399500 -20.663600 1.000000 0.000008 0.000789 -0.000009 0.999946 -0.010366 -0.000789 0.010366 0.999946 2420.dat
1 15 49.992500 -179.399800 -20.695200 -0.000789 0.000008 1.000000 0.010366 0.999946 -0.000009 -0.999946 0.010366 -0.000789 3024.dat
1 15 39.968900 -171.089200 -50.602800 -0.000789 0.000008 1.000000 0.010366 0.999946 -0.000009 -0.999946 0.010366 -0.000789 2429.dat
1 15 39.968900 -171.089100 -50.602400 -0.042665 0.000019 0.999089 0.010358 0.999946 0.000425 -0.999036 0.010366 -0.042663 2430.dat
1 4 -0.023300 -179.192100 -40.654700 1.000000 0.000008 0.000789 -0.000009 0.999946 -0.010366 -0.000789 0.010366 0.999946 3666.dat
1 4 49.984300 -195.295300 -30.860500 -0.000789 0.000008 1.000000 0.010366 0.999946 -0.000009 -0.999946 0.010366 -0.000789 3023.dat
1 15 49.984100 -203.295000 -30.937900 -0.000789 0.000008 1.000000 0.010366 0.999946 -0.000009 -0.999946 0.010366 -0.000789 3069b.dat
1 15 19.984000 -235.292900 -31.251500 -0.000789 0.000008 1.000000 0.010366 0.999946 -0.000009 -0.999946 0.010366 -0.000789 30362.dat
1 15 -20.016000 -235.292500 -31.219900 0.000789 0.000008 -1.000000 -0.010366 0.999946 0.000009 0.999946 0.010366 0.000789 30362.dat
1 4 -50.015600 -195.294400 -30.781700 -0.000789 0.000008 1.000000 0.010366 0.999946 -0.000009 -0.999946 0.010366 -0.000789 3023.dat
1 15 -50.015800 -203.294000 -30.859000 -0.000789 0.000008 1.000000 0.010366 0.999946 -0.000009 -0.999946 0.010366 -0.000789 3069b.dat
1 0 -0.031300 -195.087500 -50.819900 -0.000789 0.000008 1.000000 0.010366 0.999946 -0.000009 -0.999946 0.010366 -0.000789 3020.dat
1 0 -0.055100 -202.776100 -80.901300 1.000000 0.000008 0.000789 -0.000009 0.999946 -0.010366 -0.000789 0.010366 0.999946 3023.dat
1 0 -0.055300 -210.775700 -80.984200 -1.000000 0.000008 -0.000789 0.000009 0.999946 0.010366 0.000789 0.010366 -0.999946 99207.dat
1 72 -0.055600 -242.774000 -81.315900 1.000000 0.000008 0.000789 -0.000009 0.999946 -0.010366 -0.000789 0.010366 0.999946 2432.dat
1 71 -10.038400 -223.003000 -59.101900 -0.000009 -0.000789 1.000000 -0.999946 0.010366 -0.000010 -0.010366 -0.999946 -0.000789 63868.dat
1 15 -0.032100 -223.086100 -51.110200 0.000008 -0.000789 -1.000000 0.999946 0.010366 0.000009 0.010366 -0.999946 0.000789 3068b.dat
1 71 9.961700 -223.003200 -59.117700 -0.000009 -0.000789 1.000000 -0.999946 0.010366 -0.000010 -0.010366 -0.999946 -0.000789 63868.dat
1 0 -0.039400 -202.983500 -60.902400 1.000000 0.000008 0.000789 -0.000009 0.999946 -0.010366 -0.000789 0.010366 0.999946 2412b.dat
1 0 -0.047000 -186.880600 -70.736000 1.000000 0.000008 0.000789 -0.000009 0.999946 -0.010366 -0.000789 0.010366 0.999946 3022.dat
1 0 -0.046800 -178.881100 -70.653100 1.000000 0.000008 0.000789 -0.000009 0.999946 -0.010366 -0.000789 0.010366 0.999946 3022.dat
1 15 -50.007400 -179.398900 -20.616400 -0.000789 0.000008 1.000000 0.010366 0.999946 -0.000009 -0.999946 0.010366 -0.000789 3024.dat
1 15 -40.031000 -171.088400 -50.539700 0.000789 0.000008 -1.000000 -0.010366 0.999946 0.000009 0.999946 0.010366 0.000789 2430.dat
1 15 -40.031200 -171.088400 -50.539700 -0.041089 0.000016 -0.999156 -0.010357 0.999946 0.000443 0.999102 0.010366 -0.041087 2429.dat
1 0 -0.315100 -175.356600 -410.634600 -0.000789 0.000008 1.000000 0.010366 0.999946 -0.000009 -0.999946 0.010366 -0.000789 4282.dat
1 0 -0.243800 -168.290000 -320.556600 -1.000000 0.000008 -0.000789 0.000009 0.999946 0.010366 0.000789 0.010366 -0.999946 3023.dat
1 0 -0.181300 -201.117500 -240.892500 1.000000 0.000008 0.000789 -0.000009 0.999946 -0.010366 -0.000789 0.010366 0.999946 3298.dat
1 0 -0.157300 -177.429800 -210.645500 -0.000789 0.000008 1.000000 0.010366 0.999946 -0.000009 -0.999946 0.010366 -0.000789 3020.dat
1 0 -0.133800 -185.740300 -180.730000 1.000000 0.000008 0.000789 -0.000009 0.999946 -0.010366 -0.000789 0.010366 0.999946 3023.dat
1 0 -0.133900 -193.739900 -180.812900 1.000000 0.000008 0.000789 -0.000009 0.999946 -0.010366 -0.000789 0.010366 0.999946 3023.dat
1 0 -0.134100 -201.739500 -180.895800 -1.000000 0.000008 -0.000789 0.000009 0.999946 0.010366 0.000789 0.010366 -0.999946 2540.dat
1 0 -0.157600 -201.428500 -210.894100 1.000000 0.000008 0.000789 -0.000009 0.999946 -0.010366 -0.000789 0.010366 0.999946 3003.dat
1 0 -0.315000 -167.357000 -410.551700 -0.000789 0.000008 1.000000 0.010366 0.999946 -0.000009 -0.999946 0.010366 -0.000789 3034.dat
1 0 9.700700 -183.563500 -390.726500 -0.000789 0.000008 1.000000 0.010366 0.999946 -0.000009 -0.999946 0.010366 -0.000789 3794a.dat
1 0 -10.299300 -183.563400 -390.710600 -0.000789 0.000008 1.000000 0.010366 0.999946 -0.000009 -0.999946 0.010366 -0.000789 3794a.dat
1 15 -0.401600 -166.216700 -520.545800 1.000000 0.000008 0.000789 -0.000009 0.999946 -0.010366 -0.000789 0.010366 0.999946 3710.dat
1 0 -0.415600 -152.030800 -538.399800 -1.000000 0.000789 0.000008 0.000009 -0.010366 0.999946 0.000789 0.999946 0.010366 99207.dat
1 0 -0.434600 -151.782100 -562.398500 -1.000000 0.000789 0.000008 0.000009 -0.010366 0.999946 0.000789 0.999946 0.010366 3700.dat
1 15 -0.446400 -151.699100 -570.398000 1.000000 0.000789 -0.000008 -0.000009 -0.010366 -0.999946 -0.000789 0.999946 -0.010366 3069b.dat
1 15 -0.385900 -166.424000 -500.546800 -1.000000 0.000008 -0.000789 0.000009 0.999946 0.010366 0.000789 0.010366 -0.999946 3023.dat
1 71 -0.212300 -160.705000 -280.475800 -0.000789 0.000008 1.000000 0.010366 0.999946 -0.000009 -0.999946 0.010366 -0.000789 3023.dat
1 71 -0.212100 -152.705500 -280.392800 -0.000789 0.000008 1.000000 0.010366 0.999946 -0.000009 -0.999946 0.010366 -0.000789 44301.dat
1 0 -0.117900 -177.948100 -160.648200 1.000000 0.000008 0.000789 -0.000009 0.999946 -0.010366 -0.000789 0.010366 0.999946 2412b.dat
1 0 9.905800 -178.259200 -130.657700 -0.000789 0.000008 1.000000 0.010366 0.999946 -0.000009 -0.999946 0.010366 -0.000789 3794a.dat
1 0 -10.094200 -178.259000 -130.641900 -0.000789 0.000008 1.000000 0.010366 0.999946 -0.000009 -0.999946 0.010366 -0.000789 3794a.dat
1 72 -0.070500 -178.570100 -100.651400 1.000000 0.000008 0.000789 -0.000009 0.999946 -0.010366 -0.000789 0.010366 0.999946 2412b.dat
1 15 -0.005300 -133.422600 -18.179000 0.000008 0.000789 1.000000 0.999946 -0.010366 -0.000009 0.010366 0.999946 -0.000789 3021.dat
1 15 -0.011800 -133.339600 -26.178500 0.000008 0.000789 1.000000 0.999946 -0.010366 -0.000009 0.010366 0.999946 -0.000789 3021.dat
1 71 -0.030500 -133.090900 -50.177300 1.000000 0.000789 -0.000008 -0.000009 -0.010366 -0.999946 -0.000789 0.999946 -0.010366 3937.dat
1 71 -9.898100 -236.847700 118.764100 1.000000 0.000008 0.000789 -0.000009 0.999946 -0.010366 -0.000789 0.010366 0.999946 99563.dat
1 15 0.173100 -221.781500 208.917300 -1.000000 0.000008 -0.000789 0.000009 0.999946 0.010366 0.000789 0.010366 -0.999946 3020.dat
1 71 30.173300 -213.782200 208.976500 0.000789 0.000008 -1.000000 -0.010366 0.999946 0.000009 0.999946 0.010366 0.000789 2540.dat
1 15 -19.818900 -221.885100 218.932600 -1.000000 0.000008 -0.000789 0.000009 0.999946 0.010366 0.000789 0.010366 -0.999946 85984.dat
1 15 20.180900 -221.885400 218.900900 -1.000000 0.000008 -0.000789 0.000009 0.999946 0.010366 0.000789 0.010366 -0.999946 85984.dat
1 71 -29.826800 -213.781700 209.023800 -0.000789 0.000008 1.000000 0.010366 0.999946 -0.000009 -0.999946 0.010366 -0.000789 2540.dat
1 15 0.165200 -229.677500 198.834800 1.000000 0.000008 0.000789 -0.000009 0.999946 -0.010366 -0.000789 0.010366 0.999946 3710.dat
1 72 0.164900 -237.677000 198.752000 1.000000 0.000008 0.000789 -0.000009 0.999946 -0.010366 -0.000789 0.010366 0.999946 2412b.dat
1 15 30.165000 -229.677700 198.811200 -1.000000 0.000008 -0.000789 0.000009 0.999946 0.010366 0.000789 0.010366 -0.999946 50746.dat
1 15 -29.835000 -229.677100 198.858600 -1.000000 0.000008 -0.000789 0.000009 0.999946 0.010366 0.000789 0.010366 -0.999946 50746.dat
1 72 0.150100 -197.471800 179.167600 1.000000 0.000008 0.000789 -0.000009 0.999946 -0.010366 -0.000789 0.010366 0.999946 32064a.dat
1 0 0.079700 -149.041400 89.665000 1.000000 0.000008 0.000789 -0.000009 0.999946 -0.010366 -0.000789 0.010366 0.999946 4032a.dat
1 72 0.079500 -157.041000 89.582000 -1.000000 0.000008 -0.000789 0.000009 0.999946 0.010366 0.000789 0.010366 -0.999946 15535.dat
1 4 0.079500 -157.041000 89.582000 -0.000008 0.000789 -1.000000 -0.999946 -0.010366 0.000009 -0.010366 0.999946 0.000789 32062.dat
1 0 0.079300 -187.039400 89.271100 0.000791 -1.000000 -0.000010 -0.010364 0.000012 -0.999946 0.999946 0.000791 -0.010364 32013.dat
1 0 10.118900 -165.558900 139.488500 -1.000000 0.000008 -0.000789 0.000009 0.999946 0.010366 0.000789 0.010366 -0.999946 30039.dat
1 0 0.056100 -148.730400 59.666600 0.000789 0.000008 -1.000000 -0.010366 0.999946 0.000009 0.999946 0.010366 0.000789 92946.dat
1 0 -9.944000 -148.730300 59.674500 -1.000000 0.000008 -0.000789 0.000009 0.999946 0.010366 0.000789 0.010366 -0.999946 50746.dat
1 15 -10.125300 -151.845700 -170.370300 -1.000000 0.000789 0.000008 0.000009 -0.010366 0.999946 0.000789 0.999946 0.010366 87087.dat
1 36 -10.142100 -209.635300 -190.970200 -0.000789 0.000008 1.000000 0.010366 0.999946 -0.000009 -0.999946 0.010366 -0.000789 3023.dat
1 0 -0.150300 -233.530400 -201.226500 -1.000000 0.000008 -0.000789 0.000009 0.999946 0.010366 0.000789 0.010366 -0.999946 3039.dat
1 34 9.857900 -209.635500 -190.986100 -0.000789 0.000008 1.000000 0.010366 0.999946 -0.000009 -0.999946 0.010366 -0.000789 3023.dat
1 0 -0.150600 -241.530000 -201.309400 -1.000000 0.000008 -0.000789 0.000009 0.999946 0.010366 0.000789 0.010366 -0.999946 99780.dat
1 0 -0.127800 -243.757900 -179.331400 -1.000000 -0.000789 -0.000008 0.000009 0.010366 -0.999946 0.000789 -0.999946 -0.010366 3069b.dat
1 0 -0.156200 -249.529500 -201.392300 1.000000 0.000008 0.000789 -0.000009 0.999946 -0.010366 -0.000789 0.010366 0.999946 3069b.dat
1 0 -0.299700 -207.562200 -390.967300 1.000000 0.000008 0.000789 -0.000009 0.999946 -0.010366 -0.000789 0.010366 0.999946 3937.dat
1 72 30.183600 -165.909100 221.473400 -0.000008 -0.000789 1.000000 -0.999946 0.010366 -0.000009 -0.010366 -0.999946 -0.000789 2412b.dat
1 15 -0.016300 -233.292800 -31.218300 -1.000000 0.000078 -0.000777 0.000075 0.999991 0.004326 0.000777 0.004326 -0.999990 30361.dat
1 1 -0.018900 -267.292500 -31.365400 1.000000 0.000078 0.000777 -0.000075 0.999991 -0.004326 -0.000778 0.004326 0.999990 30367.dat
1 0 9.826500 -209.220800 -230.983700 -0.000789 0.000008 1.000000 0.010366 0.999946 -0.000009 -0.999946 0.010366 -0.000789 92280.dat
1 15 9.874600 -151.845900 -170.386100 -1.000000 0.000789 0.000008 0.000009 -0.010366 0.999946 0.000789 0.999946 0.010366 87087.dat
1 72 -39.827300 -165.763300 207.529300 0.000789 1.000000 0.000008 -0.010366 -0.000009 0.999946 0.999946 -0.000789 0.010366 93273.dat
1 71 -47.827600 -165.763400 207.535500 0.000008 1.000000 -0.000789 0.999946 -0.000009 0.010366 0.010366 -0.000789 -0.999946 2540.dat
1 4 -45.092300 -193.839900 -171.091500 -0.041089 0.000016 -0.999156 -0.010357 0.999946 0.000443 0.999102 0.010366 -0.041087 30413.dat
1 15 -43.448400 -169.426900 -210.806900 -0.041089 0.000016 -0.999155 -0.010357 0.999946 0.000443 0.999102 0.010366 -0.041086 60479.dat
1 71 -38.518100 -192.182800 -330.947800 -0.041089 0.000016 -0.999156 -0.010357 0.999946 0.000443 0.999102 0.010366 -0.041087 30413.dat
1 15 -35.230500 -167.355600 -410.627100 0.041089 0.000016 0.999156 0.010357 0.999946 -0.000443 -0.999102 0.010366 0.041087 3460.dat
1 4 -35.230900 -191.354300 -410.875800 -0.041089 0.000016 -0.999155 -0.010357 0.999946 0.000443 0.999102 0.010366 -0.041087 30413.dat
1 4 -31.943900 -190.525800 -490.804000 -0.041089 0.000016 -0.999155 -0.010357 0.999946 0.000443 0.999102 0.010366 -0.041087 30413.dat
1 15 -31.532500 -166.423500 -500.546300 0.041089 0.000016 0.999155 0.010357 0.999946 -0.000443 -0.999102 0.010366 0.041086 3024.dat
1 4 -41.805100 -193.011400 -251.019800 -0.041089 0.000016 -0.999156 -0.010357 0.999946 0.000443 0.999102 0.010366 -0.041087 30413.dat
1 15 -48.379200 -178.669300 -90.997600 0.041089 0.000016 0.999156 0.010357 0.999946 -0.000443 -0.999102 0.010366 0.041087 3710.dat
1 15 -48.379700 -202.668000 -91.246500 -0.041089 0.000016 -0.999156 -0.010357 0.999946 0.000443 0.999102 0.010366 -0.041087 30413.dat
1 0 -0.086600 -186.362300 -120.733200 1.000000 0.000008 0.000789 -0.000009 0.999946 -0.010366 -0.000789 0.010366 0.999946 4079.dat
1 72 -29.816400 -165.908600 221.520600 -0.000008 -0.000789 1.000000 -0.999946 0.010366 -0.000009 -0.010366 -0.999946 -0.000789 2412b.dat
1 0 -10.173600 -209.220600 -230.967900 -0.000789 0.000008 1.000000 0.010366 0.999946 -0.000009 -0.999946 0.010366 -0.000789 92280.dat
1 15 34.600200 -167.356200 -410.682300 0.042665 0.000019 -0.999089 -0.010358 0.999946 -0.000425 0.999036 0.010366 0.042663 3460.dat
1 4 34.599800 -191.354900 -410.931000 -0.042665 0.000019 0.999089 0.010358 0.999946 0.000425 -0.999036 0.010366 -0.042663 30413.dat
1 71 38.013100 -192.183500 -331.008000 -0.042665 0.000019 0.999089 0.010358 0.999946 0.000425 -0.999036 0.010366 -0.042663 30413.dat
1 15 43.133200 -169.427700 -210.874700 0.042666 0.000019 -0.999089 -0.010358 0.999946 -0.000425 0.999036 0.010366 0.042664 60479.dat
1 4 44.839600 -193.840700 -171.162200 -0.042665 0.000019 0.999089 0.010358 0.999946 0.000425 -0.999036 0.010366 -0.042663 30413.dat
1 4 41.426200 -193.012100 -251.085100 -0.042665 0.000019 0.999089 0.010358 0.999946 0.000425 -0.999036 0.010366 -0.042663 30413.dat
1 15 48.253000 -178.670200 -91.073500 -0.042665 0.000019 0.999089 0.010358 0.999946 0.000425 -0.999036 0.010366 -0.042663 3710.dat
1 4 31.186600 -190.526300 -490.853900 -0.042665 0.000019 0.999089 0.010358 0.999946 0.000425 -0.999036 0.010366 -0.042663 30413.dat
1 15 30.760300 -166.424000 -500.595600 0.042665 0.000019 -0.999089 -0.010358 0.999946 -0.000425 0.999036 0.010366 0.042663 3024.dat
1 15 48.252500 -202.668900 -91.322500 -0.042665 0.000019 0.999089 0.010358 0.999946 0.000425 -0.999036 0.010366 -0.042663 30413.dat
1 15 -0.131700 -151.762900 -178.378500 1.000000 0.000789 -0.000008 -0.000009 -0.010366 -0.999946 -0.000789 0.999946 -0.010366 3023.dat
1 15 -0.138100 -151.680000 -186.377900 1.000000 0.000789 -0.000008 -0.000009 -0.010366 -0.999946 -0.000789 0.999946 -0.010366 3023.dat
1 0 -0.166000 -233.323000 -221.225100 1.000000 0.000008 0.000789 -0.000009 0.999946 -0.010366 -0.000789 0.010366 0.999946 3004.dat
1 0 -0.166200 -233.323000 -221.225100 1.000000 0.000008 0.000789 -0.000009 0.999946 -0.010366 -0.000789 0.010366 0.999946 85984.dat
1 15 -10.157000 -151.431100 -210.368800 -1.000000 0.000789 0.000008 0.000009 -0.010366 0.999946 0.000789 0.999946 0.010366 87087.dat
1 15 9.843100 -151.431300 -210.384500 -1.000000 0.000789 0.000008 0.000009 -0.010366 0.999946 0.000789 0.999946 0.010366 87087.dat
1 15 -0.163300 -151.348300 -218.376200 1.000000 0.000789 -0.000008 -0.000009 -0.010366 -0.999946 -0.000789 0.999946 -0.010366 3023.dat
1 15 -0.175400 -151.265300 -226.375800 1.000000 0.000789 -0.000008 -0.000009 -0.010366 -0.999946 -0.000789 0.999946 -0.010366 3069b.dat
1 71 -0.243700 -150.551300 -320.372500 1.000000 -0.000038 -0.000785 -0.000025 -0.999991 0.004326 -0.000785 -0.004326 -0.999991 482.dat
1 71 -0.228600 -150.421800 -350.372200 -0.000503 0.007298 -0.999973 -0.004316 0.999964 0.007300 0.999991 0.004320 -0.000472 4519.dat
1 71 -0.239300 -150.292100 -380.371900 -0.999894 -0.014557 0.000785 0.014553 -0.999885 -0.004326 0.000848 -0.004314 0.999990 482.dat
1 72 -0.169700 -143.763100 -410.344000 0.000785 0.014546 -0.999894 -0.004326 0.999885 0.014543 0.999990 0.004314 0.000848 44300.dat
1 71 9.502300 -161.121300 -240.340600 -0.000008 0.000789 -1.000000 -0.999946 -0.010367 0.000009 -0.010367 0.999946 0.000789 4274.dat
1 15 33.201700 -150.594900 -291.112200 0.035688 -0.999363 -0.000018 -0.010360 -0.000353 -0.999946 0.999309 0.035686 -0.010366 85984.dat
1 15 34.629300 -151.009300 -251.139900 0.035688 -0.999363 -0.000018 -0.010360 -0.000353 -0.999946 0.999309 0.035686 -0.010366 85984.dat
1 15 34.272300 -150.905600 -261.133000 0.035688 -0.999363 -0.000018 -0.010360 -0.000353 -0.999946 0.999309 0.035686 -0.010366 3623.dat
1 15 25.920500 -150.804800 -270.840400 -0.035688 -0.999363 0.000018 0.010360 -0.000353 0.999946 -0.999309 0.035686 0.010365 60479.dat
1 15 28.919200 -149.351500 -411.029200 -0.035688 -0.999363 0.000018 0.010360 -0.000353 0.999946 -0.999309 0.035686 0.010366 60479.dat
1 15 31.774300 -150.180500 -331.084500 0.035688 -0.999363 -0.000018 -0.010360 -0.000353 -0.999946 0.999309 0.035686 -0.010366 85984.dat
1 15 27.491700 -148.937200 -451.001700 0.035688 -0.999363 -0.000018 -0.010360 -0.000353 -0.999946 0.999309 0.035686 -0.010366 85984.dat
1 15 26.064300 -148.522800 -490.974100 0.035688 -0.999363 -0.000018 -0.010360 -0.000353 -0.999946 0.999309 0.035686 -0.010366 85984.dat
1 15 30.346700 -149.766100 -371.057000 0.035688 -0.999363 -0.000018 -0.010360 -0.000353 -0.999946 0.999309 0.035686 -0.010366 85984.dat
1 15 28.919300 -149.351600 -411.029500 0.035688 -0.999363 -0.000018 -0.010360 -0.000353 -0.999946 0.999309 0.035686 -0.010366 85984.dat
1 71 24.993700 -148.212000 -520.953400 0.035688 -0.999363 -0.000018 -0.010360 -0.000353 -0.999946 0.999309 0.035686 -0.010366 50746.dat
1 71 18.639500 -151.014900 -250.568900 0.035688 -0.999363 -0.000018 -0.010360 -0.000353 -0.999946 0.999309 0.035686 -0.010366 18677.dat
1 15 36.770600 -151.630800 -191.181300 0.035688 -0.999363 -0.000018 -0.010360 -0.000353 -0.999946 0.999309 0.035686 -0.010366 3710.dat
1 15 37.484300 -151.838100 -171.195100 0.035688 -0.999363 -0.000018 -0.010360 -0.000353 -0.999946 0.999309 0.035686 -0.010366 85984.dat
1 15 36.056700 -151.423700 -211.167600 0.035688 -0.999363 -0.000018 -0.010360 -0.000353 -0.999946 0.999309 0.035686 -0.010366 85984.dat
1 71 18.783100 -148.732800 -470.702600 0.035688 -0.999363 -0.000018 -0.010360 -0.000353 -0.999946 0.999309 0.035686 -0.010366 18677.dat
1 15 17.355700 -148.318400 -510.674900 -0.035688 -0.999363 0.000018 0.010360 -0.000353 0.999946 -0.999309 0.035686 0.010366 3023.dat
1 15 9.717500 -148.424800 -500.396300 -0.035688 -0.999363 0.000018 0.010360 -0.000353 0.999946 -0.999309 0.035686 0.010366 3623.dat
1 15 20.567500 -149.250800 -420.737000 -0.035688 -0.999363 0.000018 0.010360 -0.000353 0.999946 -0.999309 0.035686 0.010366 3623.dat
1 71 9.646000 -158.839200 -460.474000 -0.000008 0.000789 -1.000000 -0.999946 -0.010367 0.000009 -0.010367 0.999946 0.000789 4274.dat
1 15 50.190700 -115.795000 229.977500 -0.958825 -0.000789 0.283998 -0.283991 0.010366 -0.958771 -0.002188 -0.999946 -0.010163 2335.dat
1 71 -9.863200 -161.121000 -240.325200 -0.000008 0.000789 -1.000000 -0.999946 -0.010367 0.000009 -0.010367 0.999946 0.000789 4274.dat
1 15 -36.371800 -151.422900 -211.110400 0.034111 0.999418 -0.000017 0.010360 -0.000371 -0.999946 -0.999364 0.034109 -0.010366 85984.dat
1 71 -25.797300 -148.211500 -520.913200 0.034111 0.999418 -0.000017 0.010360 -0.000371 -0.999946 -0.999364 0.034109 -0.010366 50746.dat
1 15 -29.549600 -149.351100 -410.983100 0.034111 0.999418 -0.000017 0.010360 -0.000371 -0.999946 -0.999364 0.034109 -0.010367 60479.dat
1 15 -28.185200 -148.936700 -450.957500 0.034111 0.999418 -0.000017 0.010359 -0.000371 -0.999946 -0.999364 0.034109 -0.010366 85984.dat
1 15 -30.914000 -149.765400 -371.008400 0.034111 0.999418 -0.000017 0.010359 -0.000371 -0.999946 -0.999364 0.034109 -0.010366 85984.dat
1 15 -26.820600 -148.522300 -490.932100 0.034111 0.999418 -0.000017 0.010359 -0.000371 -0.999946 -0.999364 0.034109 -0.010366 85984.dat
1 15 -32.278500 -150.179800 -331.033800 0.034111 0.999418 -0.000017 0.010359 -0.000371 -0.999946 -0.999364 0.034109 -0.010366 85984.dat
1 15 -26.329900 -150.804400 -270.799100 0.034111 0.999418 -0.000017 0.010360 -0.000371 -0.999946 -0.999364 0.034109 -0.010366 60479.dat
1 71 -19.016600 -151.014500 -250.539100 -0.034111 0.999418 0.000017 -0.010359 -0.000371 0.999946 0.999364 0.034109 0.010366 18677.dat
1 15 -35.007400 -151.008500 -251.084800 0.034111 0.999418 -0.000017 0.010359 -0.000371 -0.999946 -0.999364 0.034109 -0.010366 3710.dat
1 15 -35.007300 -151.008500 -251.084900 0.034111 0.999418 -0.000017 0.010360 -0.000371 -0.999946 -0.999364 0.034109 -0.010366 85984.dat
1 15 -37.395200 -151.733700 -181.129300 0.034111 0.999418 -0.000017 0.010359 -0.000371 -0.999946 -0.999364 0.034109 -0.010366 3623.dat
1 15 -37.736200 -151.837300 -171.135700 0.034111 0.999418 -0.000017 0.010360 -0.000371 -0.999946 -0.999364 0.034109 -0.010366 85984.dat
1 15 -29.549500 -149.351100 -410.983100 0.034111 0.999418 -0.000017 0.010359 -0.000371 -0.999946 -0.999364 0.034109 -0.010366 85984.dat
1 71 -19.507400 -148.732500 -470.672200 -0.034111 0.999418 0.000017 -0.010360 -0.000371 0.999946 0.999364 0.034109 0.010366 18677.dat
1 15 -18.143100 -148.318100 -510.646800 -0.034111 0.999418 0.000017 -0.010360 -0.000371 0.999946 0.999364 0.034109 0.010366 3023.dat
1 15 -10.488800 -148.424600 -500.380200 -0.034111 0.999418 0.000017 -0.010360 -0.000371 0.999946 0.999364 0.034109 0.010366 3623.dat
1 15 -21.212900 -149.250400 -420.703900 -0.034111 0.999418 0.000017 -0.010360 -0.000371 0.999946 0.999364 0.034109 0.010366 3623.dat
1 15 -33.642800 -150.594200 -291.059500 0.034111 0.999418 -0.000017 0.010359 -0.000371 -0.999946 -0.999364 0.034109 -0.010366 85984.dat
1 71 -10.354000 -158.839000 -460.458400 -0.000008 0.000789 -1.000000 -0.999946 -0.010367 0.000009 -0.010367 0.999946 0.000789 4274.dat
1 15 50.157500 -211.775200 188.980300 -0.958815 0.000789 0.284032 0.284009 -0.010366 0.958766 0.003700 0.999946 0.009715 2335.dat
1 0 -0.302000 -207.500500 -391.976900 1.000000 0.000230 0.000723 -0.000148 0.993783 -0.111336 -0.000745 0.111336 0.993783 3938.dat
1 71 -0.466400 -206.857200 -613.280800 1.000000 0.000230 0.000723 -0.000148 0.993783 -0.111336 -0.000744 0.111336 0.993783 93606.dat
1 71 -0.433700 -195.410200 -571.748400 -0.000723 0.000230 1.000000 0.111336 0.993783 -0.000148 -0.993782 0.111336 -0.000744 3020.dat
1 71 -0.435500 -203.360500 -572.639000 1.000000 0.000230 0.000723 -0.000148 0.993783 -0.111336 -0.000744 0.111336 0.993782 3022.dat
1 71 -0.423100 -213.537500 -553.653800 1.000000 0.000230 0.000723 -0.000148 0.993783 -0.111336 -0.000744 0.111336 0.993782 3068b.dat
1 71 -0.320200 -221.174300 -413.633800 0.000724 0.000230 -1.000000 -0.111336 0.993783 0.000148 0.993782 0.111336 0.000745 91988.dat
1 19 -0.380000 -220.217600 -494.027400 0.000724 0.000230 -1.000000 -0.111336 0.993783 0.000148 0.993782 0.111336 0.000745 87079.dat
1 15 -0.322000 -229.124600 -414.524600 0.000724 0.000230 -1.000000 -0.111336 0.993783 0.000148 0.993782 0.111336 0.000745 87079.dat
1 19 -0.278600 -235.804700 -354.897600 1.000000 0.000230 0.000723 -0.000148 0.993783 -0.111336 -0.000744 0.111336 0.993782 3068b.dat
1 15 -10.332600 -210.995900 -432.611300 -0.000723 0.000230 1.000000 0.111336 0.993783 -0.000148 -0.993782 0.111336 -0.000744 99780.dat
1 15 -24.333100 -212.981300 -432.823700 0.000723 1.000000 0.000230 -0.111336 -0.000148 0.993783 0.993783 -0.000744 0.111336 85984.dat
1 15 -10.274800 -219.902800 -353.108800 -0.000723 0.000230 1.000000 0.111336 0.993783 -0.000148 -0.993782 0.111336 -0.000744 99780.dat
1 15 -24.275300 -221.888300 -353.321100 0.000723 1.000000 0.000230 -0.111336 -0.000148 0.993783 0.993783 -0.000744 0.111336 85984.dat
1 15 -10.390500 -202.089000 -512.113800 -0.000723 0.000230 1.000000 0.111336 0.993783 -0.000148 -0.993782 0.111336 -0.000744 99780.dat
1 15 -24.391100 -204.074400 -512.326100 0.000723 1.000000 0.000230 -0.111336 -0.000148 0.993783 0.993783 -0.000744 0.111336 85984.dat
1 15 -10.245800 -224.356300 -313.357400 -0.000723 0.000230 1.000000 0.111336 0.993783 -0.000148 -0.993782 0.111336 -0.000744 99780.dat
1 15 -24.246300 -226.341700 -313.569800 0.000723 1.000000 0.000230 -0.111336 -0.000148 0.993783 0.993783 -0.000744 0.111336 85984.dat
1 15 -10.303800 -215.449300 -392.860100 -0.000723 0.000230 1.000000 0.111336 0.993783 -0.000148 -0.993782 0.111336 -0.000744 99780.dat
1 15 -24.304100 -217.434800 -393.072400 0.000723 1.000000 0.000230 -0.111336 -0.000148 0.993783 0.993783 -0.000744 0.111336 85984.dat
1 15 9.667200 -210.998800 -432.626300 0.000723 0.000230 -1.000000 -0.111336 0.993783 0.000148 0.993782 0.111336 0.000745 99780.dat
1 15 23.666800 -212.988400 -432.859400 -0.000723 -1.000000 0.000230 0.111336 0.000148 0.993783 -0.993783 0.000745 0.111336 85984.dat
1 15 9.609300 -202.092000 -512.128600 0.000723 0.000230 -1.000000 -0.111336 0.993783 0.000148 0.993782 0.111336 0.000744 99780.dat
1 15 23.608900 -204.081500 -512.361800 -0.000723 -1.000000 0.000230 0.111336 0.000148 0.993783 -0.993783 0.000744 0.111336 85984.dat
1 15 -10.361400 -206.542400 -472.362500 -0.000723 0.000230 1.000000 0.111336 0.993783 -0.000148 -0.993782 0.111336 -0.000744 99780.dat
1 15 -24.362100 -208.527900 -472.575100 0.000723 1.000000 0.000230 -0.111336 -0.000148 0.993783 0.993783 -0.000744 0.111336 85984.dat
1 15 9.638400 -206.545400 -472.377600 0.000723 0.000230 -1.000000 -0.111336 0.993783 0.000148 0.993782 0.111336 0.000745 99780.dat
1 15 23.638000 -208.535000 -472.610600 -0.000723 -1.000000 0.000230 0.111336 0.000148 0.993783 -0.993783 0.000745 0.111336 85984.dat
1 15 9.725000 -219.905700 -353.123700 0.000723 0.000230 -1.000000 -0.111336 0.993783 0.000148 0.993782 0.111336 0.000745 99780.dat
1 15 23.724800 -221.895400 -353.356800 -0.000723 -1.000000 0.000230 0.111336 0.000148 0.993783 -0.993783 0.000745 0.111336 85984.dat
1 15 9.696200 -215.452300 -392.875100 0.000723 0.000230 -1.000000 -0.111336 0.993783 0.000148 0.993782 0.111336 0.000745 99780.dat
1 15 23.695700 -217.441900 -393.108400 -0.000723 -1.000000 0.000230 0.111336 0.000148 0.993783 -0.993783 0.000745 0.111336 85984.dat
1 15 9.754100 -224.359200 -313.372400 0.000723 0.000230 -1.000000 -0.111336 0.993783 0.000148 0.993783 0.111336 0.000745 99780.dat
1 15 23.753700 -226.348800 -313.605400 -0.000723 -1.000000 0.000230 0.111336 0.000148 0.993783 -0.993783 0.000745 0.111336 85984.dat
1 71 -0.410400 -190.800100 -541.044300 -0.000723 0.000230 1.000000 0.111336 0.993783 -0.000148 -0.993783 0.111336 -0.000744 3021.dat
1 19 -0.235200 -242.484900 -295.270800 0.000724 0.000230 -1.000000 -0.111336 0.993783 0.000148 0.993783 0.111336 0.000745 87079.dat
1 71 -0.211500 -237.874800 -264.566600 1.000000 0.000230 0.000723 -0.000148 0.993783 -0.111336 -0.000745 0.111336 0.993783 3023.dat
1 15 9.783000 -228.812600 -273.621100 0.000723 0.000230 -1.000000 -0.111336 0.993783 0.000148 0.993783 0.111336 0.000745 99780.dat
1 15 23.782700 -230.802300 -273.854200 -0.000723 -1.000000 0.000230 0.111336 0.000148 0.993783 -0.993783 0.000745 0.111336 85984.dat
1 15 -10.217000 -228.809600 -273.606400 -0.000723 0.000230 1.000000 0.111336 0.993783 -0.000148 -0.993783 0.111336 -0.000744 99780.dat
1 15 -24.217500 -230.795200 -273.818600 0.000723 1.000000 0.000230 -0.111336 -0.000148 0.993783 0.993783 -0.000744 0.111336 85984.dat
1 71 -12.450500 -204.133100 -421.992400 -0.000229 -0.041178 -0.999152 -0.993781 -0.111247 0.004813 -0.111351 0.992939 -0.040896 4274.dat
1 71 -21.528500 -193.037000 -431.196600 -0.041179 0.999152 0.000230 -0.111246 -0.004814 0.993781 0.992939 0.040897 0.111350 18677.dat
1 15 -31.168700 -197.448400 -391.806100 0.041179 0.999152 -0.000230 0.111246 -0.004814 -0.993781 -0.992940 0.040897 -0.111350 3460.dat
1 15 -36.691300 -190.735100 -451.709900 -0.041179 0.999152 0.000230 -0.111246 -0.004814 0.993781 0.992939 0.040897 0.111350 6636.dat
1 15 -40.806800 -191.921900 -351.302100 -0.000230 0.999152 -0.041179 -0.993781 -0.004814 -0.111246 -0.111350 0.040897 0.992940 41769.dat
1 15 -26.469900 -206.386700 -312.043600 0.041179 0.999152 -0.000230 0.111246 -0.004814 -0.993781 -0.992940 0.040897 -0.111350 3666.dat
1 71 -19.300200 -208.650000 -291.857900 -0.041179 0.999152 0.000230 -0.111246 -0.004814 0.993781 0.992940 0.040897 0.111350 18677.dat
1 15 -47.399900 -229.597100 -194.658800 0.000230 0.999152 0.041179 0.993781 -0.004814 0.111246 0.111350 0.040897 -0.992939 41769.dat
1 0 -36.931500 -203.085200 -251.681200 0.041179 0.999152 -0.000230 0.111246 -0.004814 -0.993781 -0.992939 0.040897 -0.111351 3795.dat
1 15 -44.927200 -212.985000 -253.116300 0.041179 0.999152 -0.000230 0.111246 -0.004814 -0.993781 -0.992939 0.040897 -0.111351 3069b.dat
1 15 -45.745900 -195.333700 -231.036000 -0.041179 0.999152 0.000230 -0.111246 -0.004814 0.993781 0.992939 0.040897 0.111350 2431.dat
1 15 -43.277600 -198.596700 -291.725800 0.000230 0.999152 0.041179 0.993781 -0.004814 0.111246 0.111350 0.040897 -0.992939 3068b.dat
1 0 -39.814000 -210.872400 -182.175100 -0.000230 0.999152 -0.041179 -0.993781 -0.004814 -0.111247 -0.111351 0.040897 0.992939 3023.dat
1 0 -32.232600 -212.023400 -171.918600 0.000230 0.999152 0.041179 0.993781 -0.004814 0.111246 0.111350 0.040897 -0.992939 41769.dat
1 0 -41.873100 -216.434700 -132.528100 0.000230 0.999152 0.041179 0.993781 -0.004814 0.111246 0.111350 0.040897 -0.992939 41769.dat
1 15 -50.689800 -218.621100 -112.996600 0.000230 0.999152 0.041179 0.993781 -0.004814 0.111246 0.111350 0.040897 -0.992939 41769.dat
1 0 -35.524700 -210.985300 -91.369900 -0.041179 0.999152 0.000230 -0.111246 -0.004814 0.993781 0.992939 0.040897 0.111351 3710.dat
1 15 -44.341400 -213.171700 -71.838400 -0.041179 0.999152 0.000230 -0.111246 -0.004814 0.993781 0.992939 0.040897 0.111351 99781.dat
1 15 -52.746400 -214.245600 -62.236200 0.000230 0.999152 0.041179 0.993781 -0.004814 0.111246 0.111351 0.040897 -0.992939 30039.dat
1 15 -33.941200 -226.020300 -82.917700 0.999152 0.000230 -0.041179 -0.004814 0.993781 -0.111246 0.040897 0.111351 0.992939 50746.dat
1 15 -34.768700 -244.145700 -64.840400 0.999152 0.000230 -0.041179 -0.004814 0.993781 -0.111246 0.040897 0.111351 0.992939 30039.dat
1 15 -34.766700 -236.195500 -63.949600 0.041179 0.000230 0.999152 0.111246 0.993781 -0.004814 -0.992939 0.111351 0.040897 3024.dat
1 15 -48.216700 -202.008500 -171.459400 0.041179 0.999152 -0.000230 0.111246 -0.004814 -0.993781 -0.992939 0.040897 -0.111351 32028.dat
1 71 -10.222400 -219.746100 -282.653500 -0.000230 0.000724 -1.000000 -0.993783 -0.111337 0.000147 -0.111337 0.993782 0.000745 4274.dat
1 71 11.807200 -204.138700 -422.010300 -0.000230 0.061767 -0.998091 -0.993783 -0.111138 -0.006649 -0.111337 0.991884 0.061408 4274.dat
1 71 20.875100 -193.045500 -431.228500 0.042594 -0.999092 -0.000230 -0.111245 -0.004514 -0.993783 0.992880 0.042355 -0.111336 18677.dat
1 15 30.571600 -197.459200 -391.851900 -0.042594 -0.999092 0.000230 0.111245 -0.004514 0.993783 -0.992880 0.042355 0.111336 3460.dat
1 15 40.270300 -191.935000 -351.362300 0.000230 -0.999092 0.042594 0.993783 -0.004514 -0.111245 0.111336 0.042355 0.992880 41770.dat
1 15 36.008700 -190.748300 -451.763700 -0.042594 -0.999092 0.000230 0.111245 -0.004514 0.993783 -0.992880 0.042355 0.111336 6636.dat
1 15 25.986400 -206.394900 -312.082600 -0.042594 -0.999092 0.000230 0.111245 -0.004514 0.993783 -0.992880 0.042355 0.111336 3666.dat
1 71 18.845500 -208.655900 -291.886200 0.042594 -0.999092 -0.000230 -0.111245 -0.004514 -0.993783 0.992880 0.042355 -0.111336 18677.dat
1 15 42.825800 -198.609700 -291.789200 0.000230 -0.999092 0.042594 0.993783 -0.004514 -0.111245 0.111336 0.042355 0.992880 3068b.dat
1 0 36.537000 -203.095600 -251.735100 -0.042594 -0.999092 0.000230 0.111245 -0.004514 0.993783 -0.992880 0.042355 0.111336 3795.dat
1 15 47.080800 -229.609900 -194.727800 -0.000230 -0.999092 -0.042594 -0.993783 -0.004514 0.111245 -0.111336 0.042355 -0.992880 41770.dat
1 15 45.383900 -195.346600 -231.103000 -0.042594 -0.999092 0.000230 0.111245 -0.004514 0.993783 -0.992880 0.042355 0.111336 2431.dat
